38 38
13 13
73 73
10 10
76 76
6 6
80 80
65 65
17 17
2 2
77 72
7 26
51 21
19 85
12 29
30 15
51 69
88 88
95 97
87 14
10 8
64 62
23 58
2 1
61 82
9 89
14 48
73 31
72 4
71 22
50 50 50
58 58 58
4 4 4
69 69 69
25 25 25
44 44 44
77 77 77
27 27 27
53 53 53
81 81 81
88 88 88 88 88
8 8 8 8 8 8 8
27 27 27 27 27
26 26 26 26 26 26
23 23 23 23 23 23 23
10 10 10 10
68 68 68 68
24 24 24 24 24
28 28 28 28 28 28 28
38 38 38 38 38 38
78 78 78 78 78 78 78 78 78 78 78 78 78 78 78 78 78 78 78 78 78 78 78 78 78 78 78 78 78 78 78 78 78 78 78 78 78 78 78 78 78 78 78 78 78 78 78 78 78 78 78 78 78 78 78 78 78 78 78 78 78 78 78 78 78
7 7 7 7 7 7 7 7 7 7 7 7 7 7 7 7 7 7 7 7 7 7 7 7 7 7 7 7 7 7 7 7 7 7 7 7 7 7 7 7 7 7 7 7 7 7
53 53 53 53 53 53 53 53 53 53 53 53 53 53 53 53
86 86 86 86 86 86 86 86 86 86 86 86 86 86 86 86 86 86 86 86 86 86 86 86 86 86 86 86 86 86 86 86 86 86 86 86 86 86 86 86
71 71 71 71 71 71 71 71 71 71 71 71 71 71 71 71 71 71 71 71 71 71 71 71 71 71 71 71 71 71 71 71 71 71 71 71 71 71 71 71 71 71
3 3 3 3 3 3 3 3 3 3 3 3 3 3 3 3 3 3
77 77 77 77 77 77 77 77 77 77 77 77 77 77 77 77 77 77 77 77 77 77 77 77 77 77 77 77 77 77 77
92 92 92 92 92 92 92 92 92 92 92 92 92 92 92 92 92 92 92 92 92 92 92
22 22 22 22 22 22 22 22 22 22 22 22 22 22 22 22 22 22 22 22 22 22 22 22 22 22 22 22 22 22 22 22 22
76 76 76 76 76 76 76 76 76 76 76 76 76 76 76 76 76 76 76 76 76 76 76 76 76 76 76 76 76 76 76 76 76 76 76 76 76 76 76 76 76 76 76 76 76 76 76 76 76 76 76 76 76 76 76 76 76 76 76 76 76 76 76 76 76 76 76 76 76 76 76 76 76 76 76 76 76 76 76
8 8 8 8 8 8 8 8 8 8 8 8 8 8 8 8 8 8 8 8 8 8 8 8 8 8 8 8 8 8 8 8 8 8 8 8 8 8 8 8 8 8 8 8 8 8 8 8 8 8 8 8 8 8 8 8 8 8 8 8 8 8 8 8 8 8 8 8 8 8 8 8 8 8 8 8 8 8 8 8 8 8
78 78 78 78 78 78 78 78 78 78 78 78 78 78 78 78 78 78 78 78 78 78 78 78 78 78 78 78 78 78 78 78 78 78 78 78 78 78 78 78 78 78 78 78 78 78 78 78 78 78 78 78 78 78 78 78 78 78 78 78 78 78 78 78 78 78 78 78 78 78
73 73 73 73 73 73 73 73 73 73 73 73 73 73 73 73 73 73 73 73 73 73 73 73 73 73 73 73 73 73 73 73 73 73 73 73 73 73 73 73 73 73 73 73 73 73 73 73 73 73 73 73 73 73
76 76 76 76 76 76 76 76 76 76 76 76 76 76 76 76 76 76 76 76 76 76 76 76 76 76 76 76 76 76 76 76 76 76 76 76 76 76 76 76
77 77 77 77 77 77 77 77 77 77 77 77 77 77 77 77 77 77 77 77 77 77 77 77 77 77 77 77 77 77 77
44 44 44 44 44 44 44 44 44 44 44 44 44 44 44 44 44 44 44 44 44 44 44 44 44 44 44 44 44 44 44 44 44 44 44 44 44 44 44 44 44 44 44 44 44 44 44 44 44 44 44 44 44 44 44 44 44 44 44 44 44 44 44
21 21 21 21 21 21 21 21 21 21 21 21 21 21 21 21 21 21 21 21 21 21 21 21 21 21 21 21 21 21 21 21 21 21 21 21 21 21 21 21 21 21 21 21 21 21 21 21 21 21 21 21 21 21 21 21 21 21 21 21 21 21 21 21 21 21 21 21 21 21 21 21 21
31 31 31 31 31 31 31 31 31 31 31 31 31 31 31 31 31 31 31 31 31 31 31 31 31 31 31 31 31 31 31 31 31 31 31 31 31 31 31 31 31 31 31 31 31 31 31 31 31 31 31 31 31 31 31 31 31 31 31 31 31 31 31 31 31 31 31 31 31 31 31 31 31 31 31 31 31 31 31 31 31 31 31 31 31
37 37 37 37 37 37 37 37 37 37 37
8 8 8 8 8 8 8 8
46 69 58
83 97 14
11 24 82
8 25 75
93 21 33
13 66 95
61 25 83
98 3 93
99 11 55
97 83 87
71 67 72 49
55 16 6 18
43 21 49 23
14 98 54 85
11 97 56 62
57 90 22 97
84 26 15 14
85 44 7 78
57 60 16 25
10 67 72 54
70 37 22 41 78
92 50 48 78 41
79 46 88 17 29
46 68 67 79 47
1 30 64 76 36
54 94 34 3 85
84 49 55 33 29
56 83 32 29 95
75 9 33 9 85
78 51 80 42 65
84 25 21 45 16 31
92 15 20 27 87 8
54 48 61 35 33 20
68 25 84 95 39 48
6 80 64 88 33 43
75 67 89 99 31 18
69 65 61 79 18 40
36 82 29 23 39 42
75 78 71 26 49 51
63 45 55 1 87 17
20 10 93 52 11 69 24
15 64 22 47 4 57 89
81 47 55 80 72 15 78
16 26 54 85 59 86 30
45 38 23 92 55 77 13
60 27 77 72 88 40 44
77 39 92 70 99 34 44
27 57 70 74 53 90 28
44 2 83 95 97 27 85
31 65 23 99 53 4 71
